[gd_scene load_steps=11 format=3 uid="uid://bwm0n0wyncm7t"]

[ext_resource type="PackedScene" uid="uid://bsxuawp4kokpw" path="res://block.tscn" id="1_23sxp"]
[ext_resource type="PackedScene" uid="uid://dtysqfwek6eef" path="res://steve.tscn" id="2_frblv"]
[ext_resource type="Script" path="res://Icon.gd" id="3_am0tt"]
[ext_resource type="PackedScene" uid="uid://hfkkxt5rsero" path="res://coin.tscn" id="4_mp2vu"]
[ext_resource type="Environment" uid="uid://i01mc0car3sm" path="res://Resources/level_1_environment.tres" id="5_4mn63"]
[ext_resource type="Texture2D" uid="uid://cbqqlggklp6sy" path="res://Assets/jump.png" id="6_fxsp6"]
[ext_resource type="PackedScene" uid="uid://dmr0fcamx7t56" path="res://addons/virtual_joystick/virtual_joystick_scene.tscn" id="7_jdu1l"]

[sub_resource type="StandardMaterial3D" id="StandardMaterial3D_8n8gk"]
albedo_color = Color(0, 0.164706, 0.501961, 1)
metallic = 1.0
roughness = 0.0

[sub_resource type="BoxMesh" id="BoxMesh_dy3i6"]
material = SubResource("StandardMaterial3D_8n8gk")
size = Vector3(10, 0.5, 10)

[sub_resource type="BoxShape3D" id="BoxShape3D_c2vdg"]
size = Vector3(10, 0.5, 10)

[node name="Level1" type="Node3D"]
transform = Transform3D(1, 0, 0, 0, 1, 0, 0, 0, 1, 0.172138, 0.118401, 0.284301)

[node name="Floor" type="StaticBody3D" parent="."]
transform = Transform3D(1, 0, 0, 0, 1, 0, 0, 0, 1, 0, 0.396486, -0.0528641)
metadata/_edit_group_ = true

[node name="MeshInstance3D" type="MeshInstance3D" parent="Floor"]
mesh = SubResource("BoxMesh_dy3i6")

[node name="CollisionShape3D" type="CollisionShape3D" parent="Floor"]
shape = SubResource("BoxShape3D_c2vdg")

[node name="DirectionalLight3D" type="DirectionalLight3D" parent="."]
transform = Transform3D(0.999841, -0.0142331, 0.0107785, 0, 0.603709, 0.797205, -0.0178538, -0.797078, 0.603613, -0.693465, 4.04447, 1.06059)
shadow_enabled = true

[node name="Blocks" type="Node3D" parent="."]

[node name="Block1" parent="Blocks" instance=ExtResource("1_23sxp")]
transform = Transform3D(0.738691, 0.674045, 0, -0.674045, 0.738691, 0, 0, 0, 1, 0, 3.00197, 0)

[node name="Block2" parent="Blocks" instance=ExtResource("1_23sxp")]
transform = Transform3D(-0.17284, 0.98495, 0, -0.98495, -0.17284, 0, 0, 0, 1, 0, 4.93466, 0)

[node name="Block3" parent="Blocks" instance=ExtResource("1_23sxp")]
transform = Transform3D(-0.122458, 0.992474, 0, -0.992474, -0.122458, 0, 0, 0, 1, -0.788223, 7.01264, 0)

[node name="Block4" parent="Blocks" instance=ExtResource("1_23sxp")]
transform = Transform3D(-0.903388, 0.428825, 0, -0.428825, -0.903388, 0, 0, 0, 1, 0.788223, 8.13073, 0)

[node name="Steve" parent="." instance=ExtResource("2_frblv")]
transform = Transform3D(1, 0, 0, 0, 1, 0, 0, 0, 1, -2.39857, 1.71326, 2.36969)

[node name="Icon" type="Sprite3D" parent="."]
script = ExtResource("3_am0tt")

[node name="Coins" type="Node3D" parent="."]

[node name="Coin1" parent="Coins" instance=ExtResource("4_mp2vu")]
transform = Transform3D(1, 0, 0, 0, 0.996649, 0.0817994, 0, -0.0817994, 0.996649, 1.25097, 0.967013, 3.00416)

[node name="Coin2" parent="Coins" instance=ExtResource("4_mp2vu")]
transform = Transform3D(1, 0, 0, 0, 0.996649, 0.0817994, 0, -0.0817994, 0.996649, 3.95749, 1.21665, -0.524604)

[node name="Coin3" parent="Coins" instance=ExtResource("4_mp2vu")]
transform = Transform3D(1, 0, 0, 0, 0.996649, 0.0817994, 0, -0.0817994, 0.996649, -3.46874, 1.23821, -4.04886)

[node name="Coin4" parent="Coins" instance=ExtResource("4_mp2vu")]
transform = Transform3D(1, 0, 0, 0, 0.996649, 0.0817994, 0, -0.0817994, 0.996649, -4.03214, 1.24533, 0.642726)

[node name="Coin5" parent="Coins" instance=ExtResource("4_mp2vu")]
transform = Transform3D(1, 0, 0, 0, 0.996649, 0.0817994, 0, -0.0817994, 0.996649, 0.574168, 1.02396, -4.15707)

[node name="WorldEnvironment" type="WorldEnvironment" parent="."]
environment = ExtResource("5_4mn63")

[node name="Control" type="Control" parent="."]
layout_mode = 3
anchors_preset = 2
anchor_top = 1.0
anchor_bottom = 1.0
offset_top = -40.0
offset_right = 40.0
grow_vertical = 0

[node name="Test" type="Node2D" parent="Control"]

[node name="UI" type="CanvasLayer" parent="Control/Test"]

[node name="BoxContainer" type="BoxContainer" parent="Control/Test/UI"]
anchors_preset = 2
anchor_top = 1.0
anchor_bottom = 1.0
offset_top = -40.0
offset_right = 40.0
grow_vertical = 0

[node name="Control" type="Control" parent="Control/Test/UI"]
layout_mode = 3
anchors_preset = 3
anchor_left = 1.0
anchor_top = 1.0
anchor_right = 1.0
anchor_bottom = 1.0
offset_left = -250.0
offset_top = -239.0
offset_right = -40.0
offset_bottom = -45.0
grow_horizontal = 0
grow_vertical = 0

[node name="SALTO" type="TouchScreenButton" parent="Control/Test/UI/Control"]
position = Vector2(54, 59)
scale = Vector2(1.1405, 1.26852)
texture_normal = ExtResource("6_fxsp6")
shape_centered = false
action = "ui_accept"
visibility_mode = 1

[node name="Virtual Joystick" parent="Control/Test/UI" instance=ExtResource("7_jdu1l")]
offset_top = -198.0
offset_right = 241.0
pressed_color = null
deadzone_size = null
clampzone_size = null
joystick_mode = null
visibility_mode = null
use_input_actions = null
action_left = null
action_right = null
action_up = null
action_down = null
